A = [3 4 -1 1 -9 10;
     6 5 0 7 4 -16;
     1 -4 7 -1 6 -9;
     2 -4 5 -6 12 -8;
     -3 6 -7 8 -1 1;
     8 -4 9 1 3 0]

B = [1 2 4 6 -3 2;
     7 9 16 -5 8 -7;
     8 11 20 1 5 5;
     10 15 28 13 -1 9;
     12 19 36 25 -7 23;
     2 4 6 -3 0 5]

b = [1 3 5 7 9 11]
